626 6 6
0.853869811745 0.470500957566 0.407855732588 0.593029485098 0.0005 0.0 1.0 0.5
163 0
0.853761313467 0.478725792622 0.991373162967 0.594503699154 0.0015 0.991666666667 1.0 0.416666666667
167 0
0.853736200819 0.475922902196 0.991358564865 0.597544412388 0.0025 0.994444444444 1.0 0.527777777778
161 0
0.853636698751 0.489712289017 0.991300603299 0.601567759839 0.0035 0.980555555556 1.0 0.361111111111
127 0
0.853497520159 0.495128665981 0.991219207326 0.606082178621 0.004 0.975 0.75 0.444444444444
175 0
0.853038328275 0.469669474096 0.990947993723 0.611975194092 0.005 0.0 1.0 0.75
159 0
0.852729532597 0.488805122863 0.990763310635 0.61845151029 0.0055 0.980555555556 1.0 0.305555555556
183 0
0.852160638434 0.441014006478 0.990418232579 0.625319803032 0.006 0.0277777777778 1.0 0.972222222222
120 0
0.851570505785 0.465423873829 0.990053650568 0.632183129805 0.006 0.00277777777778 0.75 0.25
176 0
0.850913293375 0.436988883641 0.989639697277 0.639530861238 0.0065 0.0305555555556 1.0 0.777777777778
159 0
0.850182092777 0.455702127487 0.989169329857 0.647361374776 0.007 0.0111111111111 1.0 0.305555555556
156 0
0.849594696552 0.48289250904 0.988783989782 0.65577841439 0.0075 0.983333333333 1.0 0.222222222222
155 0
0.8491588362 0.513012204244 0.988493755981 0.664785889318 0.008 0.952777777778 1.0 0.194444444444
130 0
0.848460807039 0.509536397305 0.988021316355 0.67368228672 0.008 0.955555555556 0.75 0.527777777778
147 0
0.847479317855 0.458554908121 0.987341148078 0.682460632362 0.008 0.00555555555556 0.75 1.0
162 0
0.846633989755 0.468820691133 0.986740482623 0.691827564503 0.008 0.994444444444 1.0 0.388888888889
130 0
0.845797974569 0.465206898169 0.986132929522 0.700699148013 0.008 0.997222222222 0.75 0.527777777778
102 0
0.844710861308 0.43634200713 0.985322838076 0.708956618354 0.0075 0.025 0.5 0.777777777778
170 0
0.843490546397 0.424010581108 0.984386514914 0.717684130804 0.008 0.0361111111111 1.0 0.611111111111
151 0
0.842399676111 0.464586377488 0.983525404198 0.727005036676 0.008 0.994444444444 1.0 0.0833333333333
123 0
0.841310565748 0.480163933791 0.982643022082 0.735829600447 0.008 0.977777777778 0.75 0.333333333333
119 0
0.840146236688 0.506777382509 0.981674703596 0.744640939068 0.008 0.95 0.75 0.222222222222
134 0
0.838898756447 0.49164101338 0.98060862745 0.753437634664 0.008 0.963888888889 0.75 0.638888888889
122 0
0.837880148297 0.510066849674 0.979716240674 0.762359515234 0.0075 0.944444444444 0.75 0.305555555556
127 0
0.836882301838 0.514624558771 0.978822989587 0.770792124917 0.0075 0.938888888889 0.75 0.444444444444
147 0
0.835464049218 0.463206306151 0.977521021348 0.779067317945 0.0075 0.988888888889 0.75 1.0
162 0
0.833820937502 0.472674305546 0.975965224058 0.787799622998 0.008 0.977777777778 1.0 0.388888888889
154 0
0.832284712038 0.504471413415 0.98338056761 0.797139826481 0.00801560977094 0.944444444444 1.0 0.166666666667
165 0
0.830989470336 0.505953949491 0.989555477456 0.806621485164 0.0080622577483 0.941666666667 1.0 0.472222222222
156 0
0.830378640784 0.533120897717 0.994563486216 0.81641827433 0.00813941029805 0.913888888889 1.0 0.222222222222
156 0
0.830131474964 0.560651509674 0.99799780589 0.826376844862 0.00824621125124 0.886111111111 1.0 0.222222222222
159 0
0.830472486807 0.580436965962 0.999971872398 0.836026678999 0.00790569415042 0.866666666667 1.0 0.305555555556
184 0
0.830856143504 0.530820622659 0.999983204184 0.845675666209 0.00790569415042 0.916666666667 1.0 1.0
183 0
0.83077069884 0.483512955773 0.999809584564 0.855162159641 0.00838152730712 0.963888888889 1.0 0.972222222222
170 0
0.830481482068 0.472112627889 0.998094906325 0.865121350837 0.00824621125124 0.975 1.0 0.611111111111
158 0
0.830146151062 0.493999519106 0.998001925742 0.875080025616 0.00824621125124 0.952777777778 1.0 0.277777777778
84 0
0.829558906618 0.515634496884 0.998499363739 0.883928901099 0.00776208734813 0.930555555556 0.5 0.277777777778
182 0
0.828624468503 0.470255614325 0.993723008672 0.893246779908 0.00813941029805 0.975 1.0 0.944444444444
160 0
0.82722921747 0.485527029958 0.993011671598 0.903029643705 0.00813941029805 0.958333333333 1.0 0.333333333333
107 0
0.824152431191 0.440783577013 0.985726427518 0.911977275661 0.00756637297521 0.0 0.5 0.916666666667
157 0
0.820381151319 0.462012297141 0.981697135891 0.920884577989 0.0080622577483 0.975 1.0 0.25
166 0
0.815185954106 0.456817099928 0.977065780134 0.930191332916 0.0080622577483 0.975 1.0 0.5
174 0
0.808402491451 0.427811415051 0.958837252128 0.939400907598 0.00801560977094 0.997222222222 1.0 0.722222222222
165 0
0.797885420564 0.420072121941 0.929595921631 0.94820714335 0.008 0.994444444444 1.0 0.472222222222
122 0
0.782760972885 0.424392118707 0.903383046587 0.955997159183 0.008 0.975 0.75 0.305555555556
123 0
0.761429148943 0.419726961431 0.860285879201 0.963223648903 0.008 0.958333333333 0.75 0.333333333333
136 0
0.730568910285 0.369422278329 0.786731171888 0.969483610961 0.008 0.977777777778 0.75 0.694444444444
131 0
0.686517863084 0.319815675572 0.663886350849 0.97406739504 0.008 0.983333333333 0.75 0.555555555556
175 0
0.547334260968 0.59956039843 0.889440619674 0.680310697708 0.008 0.00833333333333 1.0 0.75
164 0
0.550370383834 0.608152076852 0.883387998187 0.687653237571 0.008 0.00277777777778 1.0 0.444444444444
168 0
0.553551463886 0.605777601348 0.876896770997 0.694876664281 0.008 0.00833333333333 1.0 0.555555555556
140 0
0.556705992029 0.578376573935 0.870311034983 0.701602195048 0.008 0.0388888888889 0.75 0.805555555556
181 0
0.559993857078 0.539997772318 0.884014014522 0.7089119549 0.00801560977094 0.0805555555556 1.0 0.916666666667
172 0
0.563049697442 0.526386946016 0.89734357297 0.716792920286 0.0080622577483 0.0972222222222 1.0 0.666666666667
159 0
0.566279207975 0.549060900992 0.90936433706 0.724563528196 0.00813941029805 0.0777777777778 1.0 0.305555555556
180 0
0.569070715542 0.512963519671 0.921082156414 0.732600486163 0.00824621125124 0.116666666667 1.0 0.888888888889
158 0
0.572054991859 0.53817001821 0.931313428119 0.741256401045 0.00838152730712 0.0944444444444 1.0 0.277777777778
154 0
0.575244635171 0.574692994855 0.926158344556 0.749815068399 0.00838152730712 0.0611111111111 1.0 0.166666666667
183 0
0.57844733773 0.530673475192 0.935236252535 0.758649632277 0.00854400374532 0.108333333333 1.0 0.972222222222
182 0
0.581195646033 0.48897733905 0.949339821855 0.767844341012 0.00827647267862 0.152777777778 1.0 0.944444444444
174 0
0.583388174662 0.468947645458 0.963342181902 0.776741741474 0.0080622577483 0.175 1.0 0.722222222222
154 0
0.585536760784 0.504429564913 0.970264491812 0.78599065441 0.00832165848855 0.141666666667 1.0 0.166666666667
164 0
0.587647059303 0.512095418987 0.976020197556 0.795598434448 0.00860232526704 0.136111111111 1.0 0.444444444444
170 0
0.589725591672 0.503062840245 0.985428879852 0.805571992758 0.00851469318296 0.147222222222 1.0 0.611111111111
173 0
0.591427202306 0.485320006435 0.992829364434 0.815629449206 0.00848528137424 0.166666666667 1.0 0.694444444444
157 0
0.592689533584 0.511582337713 0.99214464939 0.825789638655 0.00848528137424 0.141666666667 1.0 0.25
171 0
0.594108123276 0.499112038516 0.994649258664 0.835937511905 0.00884590300648 0.155555555556 1.0 0.638888888889
155 0
0.595713625506 0.531273096302 0.993888179727 0.846070633081 0.00884590300648 0.125 1.0 0.194444444444
163 0
0.597545184495 0.541437988624 0.992958573622 0.856185883864 0.00884590300648 0.116666666667 1.0 0.416666666667
110 0
0.599469812549 0.493362616678 0.992219435924 0.865589248942 0.00813941029805 0.166666666667 0.5 1.0
163 0
0.601349040312 0.503575177774 0.994477678268 0.87539562608 0.00851469318296 0.158333333333 1.0 0.416666666667
160 0
0.603191481464 0.522084285593 0.993586674061 0.88561031515 0.00851469318296 0.141666666667 1.0 0.333333333333
166 0
0.605394870417 0.524287674546 0.992434272948 0.895806670079 0.00851469318296 0.141666666667 1.0 0.5
176 0
0.607339393044 0.498454419395 0.997278007262 0.905733091702 0.00860232526704 0.169444444444 1.0 0.777777777778
168 0
0.608457782409 0.494017253205 0.996899611792 0.915837953922 0.00860232526704 0.175 1.0 0.555555555556
127 0
0.610393260884 0.501508287235 0.998606788192 0.925498322167 0.00832165848855 0.169444444444 0.75 0.444444444444
147 0
0.6107448123 0.451859838651 0.999847653629 0.934675808463 0.0080622577483 0.219444444444 0.75 1.0
169 0
0.609285914705 0.442067607723 0.998878198395 0.944053597077 0.00827647267862 0.227777777778 1.0 0.583333333333
28 0
0.607436746331 0.412440661571 0.996377101072 0.952308281641 0.0065 0.255555555556 0.0 0.777777777778
110 0
0.601768829644 0.356772744884 0.979886248836 0.958923851203 0.0057008771255 0.305555555556 0.5 1.0
173 0
0.587024146855 0.32258361765 0.923531946752 0.965 0.0060207972894 0.325 1.0 0.694444444444
36 0
0.570055431817 0.255614902612 0.865803979467 0.969929250092 0.005 0.375 0.0 1.0
99 0
0.543618702428 0.209733728779 0.758744363665 0.972898339534 0.00452769256907 0.394444444444 0.5 0.694444444444
36 0
0.518914028277 0.135029054628 0.739426064658 0.974940071828 0.0035 0.444444444444 0.0 1.0
146 0
0.20053286754 0.569437231685 0.468931745996 0.755716353392 0.00316227766017 0.491666666667 0.75 0.972222222222
154 0
0.203396208527 0.605633906006 0.634725511039 0.757147678619 0.00320156211872 0.458333333333 1.0 0.166666666667
174 0
0.205957797695 0.585973272951 0.767615320002 0.759819859272 0.00360555127546 0.480555555556 1.0 0.722222222222
165 0
0.208554373695 0.591347626729 0.850820492315 0.763545987558 0.00427200187266 0.477777777778 1.0 0.472222222222
177 0
0.210914346107 0.563152043586 0.899083044147 0.768542660518 0.00509901951359 0.508333333333 1.0 0.805555555556
181 0
0.213062729462 0.523633760274 0.947435427222 0.77482784364 0.0055 0.55 1.0 0.916666666667
161 0
0.215177502489 0.53963742219 0.944430740693 0.781743270436 0.006 0.536111111111 1.0 0.361111111111
182 0
0.217274803999 0.497290279256 0.958091197543 0.789294043748 0.0065192024052 0.580555555556 1.0 0.944444444444
179 0
0.218839808837 0.462744172982 0.98159703742 0.797285915635 0.00667083203206 0.616666666667 1.0 0.861111111111
174 0
0.219458951808 0.44114109373 0.99540550868 0.805983892421 0.00696419413859 0.638888888889 1.0 0.722222222222
182 0
0.219176695761 0.396414393239 0.999817697465 0.814723854746 0.00694622199472 0.683333333333 1.0 0.944444444444
167 0
0.217858962221 0.392318881922 0.990722437408 0.823499291786 0.00710633520178 0.686111111111 1.0 0.527777777778
148 0
0.215561123182 0.440021042883 0.983263993051 0.832724030417 0.00743303437366 0.636111111111 1.0 0.0
164 0
0.21299566509 0.443011140346 0.981133513748 0.841909835853 0.00743303437366 0.630555555556 1.0 0.444444444444
172 0
0.209631425552 0.422980234141 0.970655453009 0.851263656089 0.00777817459305 0.647222222222 1.0 0.666666666667
158 0
0.205817625442 0.441388656254 0.966476504204 0.860542121054 0.00777817459305 0.625 1.0 0.277777777778
159 0
0.20169604552 0.456711520776 0.969564219097 0.870191487182 0.00813941029805 0.605555555556 1.0 0.305555555556
156 0
0.197771254498 0.480564507532 0.979247537382 0.880029170212 0.00820060973343 0.577777777778 1.0 0.222222222222
148 0
0.194752319171 0.527545572205 0.987538264054 0.889915941209 0.00832165848855 0.527777777778 1.0 0.0
154 0
0.19289987439 0.559026460757 0.997469051523 0.899903796276 0.00827647267862 0.494444444444 1.0 0.166666666667
173 0
0.191757951294 0.538440093217 0.999775346859 0.910189087523 0.00854400374532 0.513888888889 1.0 0.694444444444
183 0
0.190637160363 0.490097080064 0.999657416698 0.920943058496 0.00854400374532 0.561111111111 1.0 0.972222222222
175 0
0.18805250454 0.462512424241 0.999291010841 0.931843929104 0.00854400374532 0.586111111111 1.0 0.75
124 0
0.18542083412 0.47376964271 0.997906982122 0.942099222803 0.0080777472107 0.572222222222 0.75 0.361111111111
152 0
0.183264395048 0.510502092526 0.999811515592 0.952198326389 0.00838152730712 0.533333333333 1.0 0.111111111111
74 0
0.183437530626 0.560675228105 0.999936706522 0.961538980773 0.00776208734813 0.483333333333 0.5 0.0
156 0
0.189767469877 0.594782945133 0.990818845748 0.971064727408 0.0080622577483 0.455555555556 1.0 0.222222222222
153 0
0.775484365232 0.456115957969 0.85479609741 0.799180429241 0.008 0.419444444444 1.0 0.138888888889
114 0
0.77056066116 0.492858920563 0.867121482126 0.806533594648 0.00751664818919 0.377777777778 0.75 0.0833333333333
161 0
0.766141472175 0.502328620467 0.904164861771 0.814101506192 0.00715891053164 0.363888888889 1.0 0.361111111111
175 0
0.761639150362 0.472826298654 0.91531186422 0.821896097741 0.00728010988928 0.388888888889 1.0 0.75
148 0
0.757677855744 0.518865004036 0.947725980901 0.830004411822 0.00715891053164 0.338888888889 1.0 0.0
165 0
0.754311203469 0.518276129539 0.973519664039 0.838487616574 0.00721110255093 0.336111111111 1.0 0.472222222222
172 0
0.751610281743 0.498908541146 0.979352754817 0.847398394504 0.0075 0.352777777778 1.0 0.666666666667
124 0
0.749025096769 0.510212245061 0.982885616258 0.85596875339 0.00710633520178 0.338888888889 0.75 0.361111111111
135 0
0.746595904915 0.49111638654 0.986767744893 0.864211561611 0.00672681202354 0.355555555556 0.75 0.666666666667
157 0
0.744719739499 0.514240221124 0.991022999601 0.872553932976 0.00707106781187 0.330555555556 1.0 0.25
173 0
0.742389317511 0.492465354691 0.993863047606 0.881568585249 0.00743303437366 0.35 1.0 0.694444444444
174 0
0.739675595773 0.467529410732 0.992459689522 0.890553666119 0.00743303437366 0.372222222222 1.0 0.722222222222
125 0
0.73715343293 0.476118358999 0.991027016912 0.899241625658 0.00743303437366 0.361111111111 0.75 0.388888888889
154 0
0.734594490571 0.506892749975 0.993393712463 0.908330757612 0.00781024967591 0.327777777778 1.0 0.166666666667
158 0
0.731948051248 0.526468532874 0.997968624154 0.917826403267 0.00790569415042 0.305555555556 1.0 0.277777777778
168 0
0.730098194592 0.519063120662 0.999940737448 0.927493103776 0.0080622577483 0.311111111111 1.0 0.555555555556
31 0
0.729791652895 0.482645467853 0.999998466087 0.935554286411 0.00626498204307 0.347222222222 0.0 0.861111111111
139 0
0.727489489806 0.452565526986 0.99996407119 0.943411573621 0.00626498204307 0.375 0.75 0.777777777778
135 0
0.723715771644 0.432125142159 0.994601730765 0.950806504495 0.00610327780787 0.391666666667 0.75 0.666666666667
179 0
0.714364492024 0.386662751427 0.964238345007 0.958113247918 0.00636396103068 0.427777777778 1.0 0.861111111111
145 0
0.697595959494 0.325449774452 0.913646830396 0.964415593303 0.00640312423743 0.472222222222 0.75 0.944444444444
116 0
0.671373478931 0.335338405 0.839168623659 0.970230048707 0.00610327780787 0.436111111111 0.75 0.138888888889
68 0
0.640752113724 0.268605928682 0.752928073335 0.973956766714 0.0054083269132 0.472222222222 0.25 0.861111111111
145 0
0.622325016324 0.576159307223 0.785222336002 0.679518331257 0.00538516480713 0.516666666667 0.75 0.944444444444
133 0
0.624759287359 0.567482467147 0.856022001725 0.684080706509 0.00559016994375 0.527777777778 0.75 0.611111111111
165 0
0.627140668792 0.572641626358 0.883500684735 0.689960486389 0.0060207972894 0.525 1.0 0.472222222222
105 0
0.629248273209 0.538638119664 0.904971060711 0.695657265571 0.0055 0.561111111111 0.5 0.861111111111
172 0
0.63116696903 0.523890148818 0.924776977199 0.702296708114 0.0060207972894 0.577777777778 1.0 0.666666666667
118 0
0.633172892156 0.5564516275 0.92141912074 0.708890913917 0.0060207972894 0.547222222222 0.75 0.194444444444
159 0
0.63544415353 0.578167333318 0.915775843868 0.71583015642 0.0065192024052 0.527777777778 1.0 0.305555555556
130 0
0.637828602537 0.577774004548 0.911568499956 0.72270863699 0.0065192024052 0.530555555556 0.75 0.527777777778
178 0
0.640296681934 0.546908750611 0.925143744842 0.730226020528 0.00707106781187 0.563888888889 1.0 0.833333333333
152 0
0.643104192441 0.588605150007 0.917888297418 0.738052963369 0.00756637297521 0.525 1.0 0.111111111111
146 0
0.645850601467 0.544129336811 0.913088888449 0.746127492627 0.00756637297521 0.572222222222 0.75 0.972222222222
134 0
0.648776511812 0.533166358267 0.929278147041 0.754121473081 0.00715891053164 0.586111111111 0.75 0.638888888889
182 0
0.651183794034 0.491129196044 0.956229154818 0.762360567245 0.00743303437366 0.630555555556 1.0 0.944444444444
164 0
0.653269121453 0.49877007902 0.965659489599 0.771244125758 0.00761577310586 0.625 1.0 0.444444444444
168 0
0.655267900912 0.495213302923 0.973572287745 0.780440782475 0.00782623792125 0.630555555556 1.0 0.555555555556
168 0
0.656914362033 0.491304208488 0.980329918252 0.790318694205 0.0080622577483 0.636111111111 1.0 0.555555555556
173 0
0.658448885929 0.47339428794 0.989563942485 0.80053446413 0.00790569415042 0.655555555556 1.0 0.694444444444
163 0
0.659554601241 0.482833336585 0.993496206387 0.810753467667 0.00820060973343 0.647222222222 1.0 0.416666666667
179 0
0.660158294369 0.447325918602 0.998440205108 0.820988827164 0.00813941029805 0.683333333333 1.0 0.861111111111
167 0
0.660168831466 0.444558677921 0.999984686226 0.831247962975 0.00813941029805 0.686111111111 1.0 0.527777777778
148 0
0.659837808986 0.494227655441 0.999975465736 0.841872677883 0.00813941029805 0.636111111111 1.0 0.0
183 0
0.65906682928 0.446234453513 0.997451801839 0.852153796126 0.00820060973343 0.683333333333 1.0 0.972222222222
160 0
0.65736270406 0.46119699496 0.996883483013 0.86244546536 0.00820060973343 0.666666666667 1.0 0.333333333333
157 0
0.655828997073 0.484663287973 0.996323290605 0.873069901127 0.00820060973343 0.641666666667 1.0 0.25
164 0
0.654015290297 0.488405136752 0.995601352017 0.883680397181 0.00820060973343 0.636111111111 1.0 0.444444444444
162 0
0.652377102265 0.497878059831 0.994893955605 0.893924555151 0.00820060973343 0.625 1.0 0.388888888889
167 0
0.65038894307 0.493112122859 0.993965013364 0.904155073165 0.00820060973343 0.627777777778 1.0 0.527777777778
160 0
0.648558257496 0.507948103951 0.996376233642 0.914734238994 0.00851469318296 0.611111111111 1.0 0.333333333333
101 0
0.646287068385 0.48067691484 0.994949245426 0.92459277223 0.00781024967591 0.636111111111 0.5 0.75
98 0
0.643452567503 0.461175747291 0.992870360177 0.933725947762 0.00710633520178 0.652777777778 0.5 0.666666666667
22 0
0.640241946767 0.446854015445 0.988601530536 0.940718890024 0.0057008771255 0.663888888889 0.0 0.611111111111
147 0
0.634041413975 0.390653482653 0.965524756086 0.947595324636 0.00583095189485 0.713888888889 0.75 1.0
100 0
0.625 0.359389846455 0.937078637636 0.953956542267 0.00559016994375 0.736111111111 0.5 0.722222222222
88 0
0.612123712703 0.357624670269 0.891555423298 0.959688711259 0.00538516480713 0.725 0.5 0.388888888889
0 0
0.597398916824 0.39289987439 0.853553390022 0.963750862079 0.00427200187266 0.675 0.0 0.0
40 0
0.581476092087 0.41864371632 0.833983358073 0.967270044302 0.00380788655293 0.633333333333 0.25 0.0833333333333
180 0
0.557139672123 0.355418407467 0.797521361488 0.971064727408 0.004472135955 0.672222222222 1.0 0.888888888889
35 0
0.535502041012 0.286558554134 0.740311741403 0.973481138788 0.00335410196625 0.719444444444 0.0 0.972222222222
103 0
0.51049133851 0.230992296076 0.600472071545 0.974820643376 0.00316227766017 0.75 0.5 0.805555555556
107 0
0.854893302093 0.679857781248 0.506884029023 0.617900536509 0.00304138126515 0.791666666667 0.5 0.916666666667
137 0
0.856741546071 0.659483803004 0.583262453801 0.618675662985 0.0035 0.813888888889 0.75 0.722222222222
143 0
0.858771474231 0.622624842275 0.646061995467 0.61997039589 0.00353553390593 0.852777777778 0.75 0.888888888889
183 0
0.860725583254 0.577356729075 0.760133537318 0.622687795056 0.00380788655293 0.9 1.0 0.972222222222
173 0
0.862441472267 0.559628173645 0.841455471198 0.626273830191 0.00430116263352 0.919444444444 1.0 0.694444444444
182 0
0.863924641422 0.516666898354 0.91645396521 0.63074771497 0.00460977222865 0.963888888889 1.0 0.944444444444
175 0
0.865177589537 0.49291984647 0.96192056541 0.63612570852 0.00514781507049 0.988888888889 1.0 0.75
170 0
0.865954062464 0.482585208286 0.985746062237 0.642864171498 0.00585234995536 0.0 1.0 0.611111111111
163 0
0.866736690385 0.491701169541 0.995074751984 0.65009108328 0.00618465843843 0.991666666667 1.0 0.416666666667
151 0
0.867529235175 0.534160380997 0.99595569513 0.65780670667 0.00667083203206 0.95 1.0 0.0833333333333
167 0
0.868335884311 0.532189252355 0.996602725131 0.666011227734 0.00715891053164 0.952777777778 1.0 0.527777777778
139 0
0.86893988499 0.505015475256 0.999343831684 0.674161849993 0.00707106781187 0.980555555556 0.75 0.777777777778
105 0
0.869098338159 0.469062817315 0.999958446987 0.681721427049 0.0065192024052 0.0166666666667 0.5 0.861111111111
166 0
0.868986326466 0.468950805621 0.99795979116 0.689733985103 0.007 0.0166666666667 1.0 0.5
176 0
0.868319307973 0.44050600935 0.997766309791 0.698151528081 0.0075 0.0444444444444 1.0 0.777777777778
158 0
0.867857549667 0.462266473266 0.997627246557 0.707110088941 0.008 0.0222222222222 1.0 0.277777777778
181 0
0.86705918911 0.419801446043 0.993217760564 0.716512786884 0.00801560977094 0.0638888888889 1.0 0.916666666667
119 0
0.866237266122 0.446757300832 0.992787327997 0.725410761318 0.00801560977094 0.0361111111111 0.75 0.222222222222
79 0
0.865360316142 0.481991461964 0.996802627333 0.734300922094 0.0075 0.0 0.5 0.138888888889
144 0
0.864766561429 0.439731040584 0.996588556154 0.742744776535 0.0075 0.0416666666667 0.75 0.916666666667
170 0
0.863775837305 0.427629205348 0.991032807572 0.751620250423 0.00751664818919 0.0527777777778 1.0 0.611111111111
165 0
0.862382369474 0.429013515295 0.990188626855 0.760420159446 0.00751664818919 0.05 1.0 0.472222222222
125 0
0.861271947375 0.439014204308 0.989489013089 0.768775001351 0.00751664818919 0.0388888888889 0.75 0.388888888889
162 0
0.860026156705 0.448879524748 0.989110591448 0.777612387935 0.00801560977094 0.0277777777778 1.0 0.388888888889
111 0
0.859045619449 0.497898987493 0.994172303064 0.786511709923 0.008 0.977777777778 0.75 0.0
169 0
0.85830295171 0.488822986421 0.993811739896 0.795974878998 0.008 0.986111111111 1.0 0.583333333333
179 0
0.857084625823 0.451493549422 0.993196961837 0.80535159903 0.008 0.0222222222222 1.0 0.861111111111
86 0
0.855890634969 0.466966225235 0.992566422861 0.813730705697 0.0075 0.00555555555556 0.5 0.333333333333
176 0
0.854503562497 0.437801374985 0.991799112307 0.822590163745 0.008 0.0333333333333 1.0 0.777777777778
148 0
0.853345990455 0.486643802944 0.991130160885 0.832020090487 0.008 0.983333333333 1.0 0.0
136 0
0.851658188833 0.465511556877 0.990108247117 0.840851484456 0.008 0.00277777777778 0.75 0.694444444444
133 0
0.849772306742 0.452514563675 0.988901206937 0.849662878836 0.008 0.0138888888889 0.75 0.611111111111
123 0
0.848200457178 0.467609380777 0.987842702384 0.858560967198 0.008 0.997222222222 0.75 0.333333333333
136 0
0.845834046857 0.445798526012 0.986159421107 0.867327470816 0.008 0.0166666666667 0.75 0.694444444444
88 0
0.843293453399 0.454369043665 0.984232616792 0.875576328619 0.0075 0.00555555555556 0.5 0.388888888889
162 0
0.840872769582 0.463059470959 0.982281954751 0.884403719783 0.008 0.994444444444 1.0 0.388888888889
155 0
0.83784235325 0.490584610183 0.979682750645 0.89367972912 0.008 0.963888888889 1.0 0.194444444444
115 0
0.835260691869 0.52689183769 0.986175050185 0.902583368976 0.00751664818919 0.925 0.75 0.111111111111
171 0
0.833014795822 0.510757052755 0.991575182901 0.911613066577 0.00756637297521 0.938888888889 1.0 0.638888888889
172 0
0.831207650783 0.492283241049 0.989694384329 0.920783524441 0.0080622577483 0.955555555556 1.0 0.666666666667
137 0
0.827860224951 0.466713592995 0.987462116253 0.929771800536 0.0080622577483 0.977777777778 0.75 0.722222222222
177 0
0.821840415488 0.430138227977 0.973956793631 0.938997950854 0.00801560977094 0.00833333333333 1.0 0.805555555556
121 0
0.814336671235 0.444856705945 0.965924021982 0.947652602739 0.00801560977094 0.986111111111 0.75 0.277777777778
141 0
0.802311059588 0.399497760965 0.936542729736 0.955903514879 0.008 0.0194444444444 0.75 0.833333333333
137 0
0.78313254017 0.358097019325 0.90407167795 0.963496575503 0.008 0.0416666666667 0.75 0.722222222222
175 0
0.750795768084 0.300760247239 0.812603311116 0.970267862505 0.00801560977094 0.0666666666667 1.0 0.75
121 0
0.705739674485 0.277926375862 0.691157563762 0.974955040427 0.00801560977094 0.0444444444444 0.75 0.277777777778
128 0
0.546982807026 0.565875611155 0.908879641485 0.677032509376 0.00801560977094 0.0416666666667 0.75 0.472222222222
179 0
0.549591029641 0.532372722659 0.92155892429 0.685028175863 0.0080622577483 0.0777777777778 1.0 0.861111111111
144 0
0.551771757859 0.49288678421 0.936761661094 0.69320487292 0.00764852927039 0.119444444444 0.75 0.916666666667
138 0
0.553520509474 0.469635535825 0.952697749808 0.700897174871 0.00728010988928 0.144444444444 0.75 0.75
169 0
0.554952889535 0.462734582552 0.978636262124 0.709216145565 0.00715891053164 0.152777777778 1.0 0.583333333333
154 0
0.556071675026 0.497186701377 0.985802537637 0.717473895011 0.00738241153012 0.119444444444 1.0 0.166666666667
106 0
0.557062342527 0.459288479989 0.992595626139 0.725347492274 0.0065192024052 0.158333333333 0.5 0.888888888889
140 0
0.557488512873 0.429159094779 0.99887895907 0.732812331871 0.00640312423743 0.188888888889 0.75 0.805555555556
156 0
0.55748736315 0.456935722834 0.999980219665 0.740951741948 0.00672681202354 0.161111111111 1.0 0.222222222222
149 0
0.55770070745 0.504371289357 0.999178797594 0.749459584099 0.00710633520178 0.113888888889 1.0 0.0277777777778
161 0
0.55815217327 0.518711644066 0.997381557665 0.75833442529 0.0075 0.1 1.0 0.361111111111
181 0
0.558387325461 0.47728012959 0.999307772949 0.767547316643 0.00781024967591 0.141666666667 1.0 0.916666666667
157 0
0.55864188605 0.502534690179 0.99926506696 0.776759658664 0.00781024967591 0.116666666667 1.0 0.25
95 0
0.558936540237 0.494496011032 0.998941324604 0.785264697825 0.00710633520178 0.125 0.5 0.583333333333
154 0
0.559519779927 0.528412584055 0.996924070111 0.794133538428 0.0075 0.0916666666667 1.0 0.166666666667
180 0
0.560155525107 0.490159440347 0.998984761108 0.802999365483 0.00781024967591 0.130555555556 1.0 0.888888888889
119 0
0.560851176743 0.51863286976 0.998840796332 0.811861752958 0.00781024967591 0.102777777778 0.75 0.222222222222
174 0
0.561295583996 0.496855054791 0.99874383744 0.821067051665 0.00781024967591 0.125 1.0 0.722222222222
175 0
0.561450495879 0.472009966674 0.999847929864 0.830618035199 0.00813941029805 0.15 1.0 0.75
165 0
0.561264909707 0.47460215828 0.9999004726 0.840515674751 0.00848528137424 0.147222222222 1.0 0.472222222222
124 0
0.561054764663 0.488280902125 0.998953057313 0.850413068753 0.00813941029805 0.133333333333 0.75 0.361111111111
153 0
0.560814841381 0.524152089954 0.999870263514 0.860310165008 0.00848528137424 0.0972222222222 1.0 0.138888888889
125 0
0.560981184019 0.535429543703 0.999882117161 0.86986161212 0.00813941029805 0.0861111111111 0.75 0.388888888889
102 0
0.56119291996 0.507863501867 0.999815353397 0.878705935842 0.00743303437366 0.113888888889 0.5 0.777777777778
161 0
0.561930407017 0.522489877812 0.998598589716 0.887909634669 0.00781024967591 0.1 1.0 0.361111111111
181 0
0.562245427809 0.481138231938 0.999780106844 0.897459763995 0.00813941029805 0.141666666667 1.0 0.916666666667
123 0
0.562625152314 0.498184623109 0.99974330857 0.907009409078 0.00813941029805 0.125 0.75 0.333333333333
130 0
0.563091790788 0.495873483806 0.999982046164 0.916558403659 0.00777817459305 0.127777777778 0.75 0.527777777778
168 0
0.562924813667 0.490150951129 0.999977325589 0.925750420877 0.00777817459305 0.133333333333 1.0 0.555555555556
174 0
0.561831665466 0.466835580706 0.99910497465 0.93529103617 0.00813941029805 0.155555555556 1.0 0.722222222222
47 0
0.560462484249 0.487688621711 0.998496173204 0.943413782597 0.00672681202354 0.133333333333 0.25 0.277777777778
140 0
0.557525104421 0.454195686328 0.99407441303 0.951163538212 0.00640312423743 0.163888888889 0.75 0.805555555556
13 0
0.553845876887 0.464405347683 0.989174850984 0.957479416749 0.005 0.15 0.0 0.361111111111
23 0
0.54947021876 0.446140800667 0.991493754704 0.962356939551 0.00390512483795 0.163888888889 0.0 0.638888888889
47 0
0.546093763936 0.464986568065 0.987292722286 0.966188019875 0.00320156211872 0.141666666667 0.25 0.277777777778
16 0
0.542375329731 0.466823689415 0.980453475649 0.969299837134 0.0025 0.136111111111 0.0 0.444444444444
30 0
0.538483107254 0.429598133605 0.967861895911 0.971693640291 0.00180277563773 0.169444444444 0.0 0.833333333333
33 0
0.534681854141 0.384130213826 0.936681933497 0.973372946089 0.00111803398875 0.211111111111 0.0 0.916666666667
32 0
0.531303523157 0.341862993952 0.772836580402 0.974343616779 0.0005 0.25 0.0 0.888888888889
108 0
0.524382826073 0.290497852424 0.754364653575 0.974446135322 0.001 0.294444444444 0.5 0.944444444444
97 0
0.514640752088 0.26686688955 0.727555528394 0.974731442463 0.0015 0.308333333333 0.5 0.638888888889
33 0
0.199384439304 0.709955470116 0.316067801903 0.755344630143 0.001 0.35 0.0 0.916666666667
178 0
0.200957407878 0.678195105357 0.6000245441 0.755991803416 0.00180277563773 0.383333333333 1.0 0.833333333333
147 0
0.202792105271 0.630029802749 0.752409766915 0.757537116243 0.0025 0.433333333333 0.75 1.0
174 0
0.205047110079 0.610062585335 0.82013809977 0.760424855212 0.00335410196625 0.455555555556 1.0 0.722222222222
179 0
0.207328843578 0.576233207723 0.891411627277 0.764380603515 0.00412310562562 0.491666666667 1.0 0.861111111111
183 0
0.20935855228 0.531040694203 0.952507673274 0.769617166438 0.005 0.538888888889 1.0 0.972222222222
165 0
0.211153946894 0.535613866595 0.950079625616 0.77615072035 0.0055 0.536111111111 1.0 0.472222222222
136 0
0.212729054728 0.517744529984 0.947902312853 0.782876763104 0.0055 0.555555555556 0.75 0.694444444444
126 0
0.214741320377 0.528090128967 0.945056912436 0.789352783071 0.0055 0.547222222222 0.75 0.416666666667
166 0
0.216718125811 0.530066934401 0.942192376333 0.79646867563 0.006 0.547222222222 1.0 0.5
184 0
0.218675382275 0.482024190864 0.957602768669 0.804229087962 0.0060207972894 0.597222222222 1.0 1.0
165 0
0.220424302974 0.486550889341 0.96860400141 0.812201570827 0.00657647321898 0.594444444444 1.0 0.472222222222
135 0
0.22232804426 0.471787963961 0.978535854942 0.82014936753 0.00667083203206 0.611111111111 0.75 0.666666666667
166 0
0.223843119082 0.473303038783 0.986616795637 0.829007310098 0.00680073525437 0.611111111111 1.0 0.5
162 0
0.225102211828 0.48567324264 0.992696733981 0.838104972281 0.00696419413859 0.6 1.0 0.388888888889
137 0
0.22579625305 0.464145061639 0.998440007118 0.847022877527 0.0067082039325 0.622222222222 0.75 0.722222222222
154 0
0.226103732044 0.497785873967 0.996856883867 0.856197183616 0.00715891053164 0.588888888889 1.0 0.166666666667
130 0
0.226957046585 0.495861410731 0.996549630414 0.865110230188 0.00715891053164 0.591666666667 0.75 0.527777777778
183 0
0.226853593888 0.448535735811 0.999233909415 0.874543832356 0.00738241153012 0.638888888889 1.0 0.972222222222
160 0
0.226733318118 0.465082126708 0.999997588704 0.883977372896 0.00763216876124 0.622222222222 1.0 0.333333333333
150 0
0.226982053036 0.50977530607 0.999760293618 0.893837388879 0.0080622577483 0.577777777778 1.0 0.0555555555556
173 0
0.227009491515 0.490358300105 0.999757617305 0.904384886132 0.0080622577483 0.597222222222 1.0 0.694444444444
155 0
0.227838543012 0.521742907157 0.998926628863 0.914669759171 0.0085 0.566666666667 1.0 0.194444444444
60 0
0.228665075967 0.508680551223 0.998886668543 0.923838986351 0.00738241153012 0.580555555556 0.25 0.638888888889
86 0
0.230077588207 0.52675973013 0.997198152105 0.932315068147 0.0067082039325 0.563888888889 0.5 0.333333333333
80 0
0.232275666918 0.562291142174 0.99387027624 0.940091736797 0.0060415229868 0.530555555556 0.5 0.166666666667
93 0
0.235518659987 0.562756357465 0.983834380442 0.947158255139 0.00585234995536 0.533333333333 0.5 0.527777777778
158 0
0.243250656676 0.592710576377 0.959086514245 0.95469823403 0.00618465843843 0.511111111111 1.0 0.277777777778
159 0
0.258537034753 0.627441398898 0.913869912357 0.961790053651 0.00657647321898 0.491666666667 1.0 0.305555555556
167 0
0.284000550091 0.650127136458 0.83482364037 0.968294322275 0.00701783442381 0.494444444444 1.0 0.527777777778
165 0
0.324988439984 0.693892804129 0.696959649043 0.973344794129 0.0075 0.491666666667 1.0 0.472222222222
43 0
0.776182078455 0.417924782303 0.856337145184 0.82109639467 0.0065 0.458333333333 0.25 0.166666666667
148 0
0.771329698471 0.463072402318 0.872183572115 0.827775582451 0.0065192024052 0.408333333333 1.0 0.0
158 0
0.766412015901 0.48037694197 0.909226922524 0.834654150339 0.00667083203206 0.386111111111 1.0 0.277777777778
164 0
0.762105166769 0.481625648395 0.921639271277 0.841802338829 0.00680073525437 0.380555555556 1.0 0.444444444444
155 0
0.758056028355 0.508132065536 0.948253592975 0.849603025296 0.00715891053164 0.35 1.0 0.194444444444
170 0
0.754246972794 0.493211898864 0.956263876178 0.858089817138 0.00738241153012 0.361111111111 1.0 0.611111111111
117 0
0.750437237755 0.522735497158 0.969471645428 0.866190433825 0.00721110255093 0.327777777778 0.75 0.166666666667
171 0
0.746863194933 0.505272565447 0.974898789097 0.875026002705 0.0075 0.341666666667 1.0 0.638888888889
118 0
0.743318013644 0.532282939714 0.984926539862 0.883512876248 0.00743303437366 0.311111111111 0.75 0.194444444444
180 0
0.740007874464 0.490083911645 0.988015819095 0.892778267128 0.00777817459305 0.35 1.0 0.888888888889
160 0
0.737189756773 0.503932460621 0.990655131256 0.902157013537 0.00813941029805 0.333333333333 1.0 0.333333333333
164 0
0.734229784747 0.506528044151 0.996037094698 0.911930425231 0.00820060973343 0.327777777778 1.0 0.444444444444
165 0
0.731917069169 0.50699310635 0.997242527562 0.92185750196 0.00860232526704 0.325 1.0 0.472222222222
168 0
0.729491137539 0.499011619164 0.996385487453 0.932202507421 0.00860232526704 0.330555555556 1.0 0.555555555556
147 0
0.72433264818 0.443853129805 0.991173907543 0.942309012836 0.00820060973343 0.380555555556 0.75 1.0
178 0
0.714800531873 0.400987680165 0.972317522056 0.952072972135 0.00813941029805 0.413888888889 1.0 0.833333333333
179 0
0.697282382186 0.347358419367 0.9310777824 0.960776282685 0.00813941029805 0.45 1.0 0.861111111111
153 0
0.667817296428 0.35400444472 0.863754434972 0.96880304502 0.00851469318296 0.413888888889 1.0 0.138888888889
106 0
0.625160276827 0.27245853623 0.734388750076 0.974188181002 0.0075 0.452777777778 0.5 0.888888888889
181 0
0.624608849917 0.600665363039 0.730562406976 0.681864808611 0.00738241153012 0.494444444444 1.0 0.916666666667
170 0
0.628303512718 0.593248914729 0.785188839332 0.687119431732 0.00743303437366 0.505555555556 1.0 0.611111111111
142 0
0.631708191902 0.560542482801 0.828753044089 0.692799739583 0.00715891053164 0.541666666667 0.75 0.861111111111
165 0
0.634985897647 0.566597966325 0.872799982464 0.69934405045 0.00751664818919 0.538888888889 1.0 0.472222222222
105 0
0.637817377154 0.53331833472 0.888602632238 0.705997874157 0.007 0.575 0.5 0.861111111111
174 0
0.64031936474 0.513598100084 0.905482391689 0.713901240828 0.00701783442381 0.597222222222 1.0 0.722222222222
119 0
0.64277603164 0.543832544762 0.90091859347 0.72135147587 0.00701783442381 0.569444444444 0.75 0.222222222222
162 0
0.64556248199 0.557730106223 0.913598183677 0.729104725032 0.00756637297521 0.558333333333 1.0 0.388888888889
179 0
0.648273483632 0.524329996753 0.926553064351 0.737816381137 0.00764852927039 0.594444444444 1.0 0.861111111111
161 0
0.651169926739 0.54111532875 0.937858300186 0.746446751155 0.00776208734813 0.580555555556 1.0 0.361111111111
167 0
0.65403905833 0.541206682563 0.947857987365 0.755340031881 0.00790569415042 0.583333333333 1.0 0.527777777778
171 0
0.656652887611 0.529931622955 0.95686505678 0.764865464042 0.0080777472107 0.597222222222 1.0 0.638888888889
181 0
0.658745497637 0.490357566314 0.969954641579 0.774706302796 0.00782623792125 0.638888888889 1.0 0.916666666667
174 0
0.660506964904 0.469896811359 0.98168592065 0.784532485047 0.00763216876124 0.661111111111 1.0 0.722222222222
162 0
0.661889909994 0.482390867561 0.987252554741 0.794363792099 0.00790569415042 0.65 1.0 0.388888888889
158 0
0.663411600888 0.506134780677 0.991403457977 0.804178014513 0.00820060973343 0.627777777778 1.0 0.277777777778
178 0
0.664528028384 0.473917874839 0.997168983238 0.814723854746 0.00813941029805 0.661111111111 1.0 0.833333333333
163 0
0.665136547454 0.482859727243 0.998883605589 0.825308128409 0.00848528137424 0.652777777778 1.0 0.416666666667
138 0
0.66545789307 0.458181072858 0.999838647535 0.835561561671 0.00813941029805 0.677777777778 0.75 0.75
157 0
0.665483063866 0.483206243654 0.999836632511 0.846191677728 0.00813941029805 0.652777777778 1.0 0.25
159 0
0.665875904753 0.503043528986 0.999803563957 0.856444261696 0.00813941029805 0.633333333333 1.0 0.305555555556
174 0
0.665938458278 0.480883860289 0.999968273691 0.867074268857 0.00851469318296 0.655555555556 1.0 0.722222222222
168 0
0.665584912152 0.474974758607 0.999954528082 0.878081994767 0.00851469318296 0.661111111111 1.0 0.555555555556
135 0
0.665093694751 0.45781687454 0.99900384354 0.888383468966 0.00820060973343 0.677777777778 0.75 0.666666666667
160 0
0.663981259864 0.473371106319 0.998771159407 0.899058185077 0.00820060973343 0.661111111111 1.0 0.333333333333
162 0
0.662605805547 0.483106763113 0.998449771334 0.909726803535 0.00820060973343 0.65 1.0 0.388888888889
127 0
0.660805847075 0.486862360196 0.997972962317 0.919680326196 0.00820060973343 0.644444444444 0.75 0.444444444444
170 0
0.658537640948 0.473483042959 0.997281421875 0.930327552074 0.00820060973343 0.655555555556 1.0 0.611111111111
183 0
0.654499042434 0.422222222222 0.988588181714 0.94060303038 0.00832165848855 0.702777777778 1.0 0.972222222222
26 0
0.649013114626 0.394514072192 0.98406564322 0.948704288678 0.0065192024052 0.725 0.0 0.722222222222
57 0
0.643059626589 0.3830050286 0.975110073681 0.955691422952 0.00583095189485 0.730555555556 0.25 0.555555555556
129 0
0.631915424783 0.371860826794 0.938631120475 0.9625 0.0060415229868 0.730555555556 0.75 0.5
34 0
0.617620161761 0.313121119327 0.912980738831 0.967669673679 0.0049244289009 0.775 0.0 0.944444444444
34 0
0.602037688629 0.253094201751 0.879138308988 0.971601056358 0.00380788655293 0.819444444444 0.0 0.944444444444
71 0
0.583672510508 0.190284579185 0.742135876129 0.974539245887 0.00304138126515 0.863888888889 0.25 0.944444444444
141 0
0.850163278885 0.569572202484 0.682571060307 0.616176472842 0.00304138126515 0.897222222222 0.75 0.833333333333
184 0
0.851624727697 0.521033651296 0.854280490307 0.61894554195 0.00360555127546 0.947222222222 1.0 1.0
163 0
0.852987716601 0.530729973534 0.914212127471 0.62315487266 0.00424264068712 0.938888888889 1.0 0.416666666667
170 0
0.854303833735 0.520934979556 0.947830693747 0.628319357512 0.005 0.95 1.0 0.611111111111
176 0
0.855367193102 0.494220561146 0.979448382518 0.634355363775 0.00559016994375 0.977777777778 1.0 0.777777777778
175 0
0.855954334806 0.46980770285 0.992230334734 0.641190161785 0.00585234995536 0.00277777777778 1.0 0.75
163 0
0.856526320314 0.478713021692 0.998544442926 0.648512802509 0.00618465843843 0.994444444444 1.0 0.416666666667
171 0
0.856628050619 0.464925863107 0.999940956516 0.656158103193 0.00657647321898 0.00833333333333 1.0 0.638888888889
154 0
0.856694923019 0.498326068841 0.999834883995 0.664296261564 0.00707106781187 0.975 1.0 0.166666666667
164 0
0.856724637875 0.503911339252 0.99969624296 0.672927378095 0.00756637297521 0.969444444444 1.0 0.444444444444
183 0
0.856467589848 0.456432069003 0.997161436386 0.681967768929 0.00801560977094 0.0166666666667 1.0 0.972222222222
152 0
0.856151673879 0.495005041923 0.997054852271 0.6915 0.00801560977094 0.977777777778 1.0 0.111111111111
165 0
0.855815614127 0.497446759948 0.996939322311 0.701030938055 0.00801560977094 0.975 1.0 0.472222222222
155 0
0.85572822449 0.527914925867 0.999392101178 0.710647274075 0.0080622577483 0.944444444444 1.0 0.194444444444
135 0
0.855684061129 0.511204095839 0.99938524243 0.719771075726 0.0080622577483 0.961111111111 0.75 0.666666666667
167 0
0.855585944958 0.50832820189 0.999369866989 0.729387269331 0.0080622577483 0.963888888889 1.0 0.527777777778
133 0
0.855533652213 0.497164798034 0.999361594845 0.738510994495 0.0080622577483 0.975 0.75 0.611111111111
160 0
0.855733685849 0.514031498338 0.999392946669 0.748213880446 0.0080622577483 0.958333333333 1.0 0.333333333333
173 0
0.85562601647 0.494479384514 0.999376169375 0.757830121609 0.0080622577483 0.977777777778 1.0 0.694444444444
131 0
0.855568910285 0.488866722774 0.99685310064 0.766953867228 0.00801560977094 0.983333333333 0.75 0.555555555556
177 0
0.854744280654 0.457486537587 0.991934954981 0.77639320225 0.008 0.0138888888889 1.0 0.805555555556
152 0
0.853846987287 0.495478133109 0.991422873905 0.785826005313 0.008 0.975 1.0 0.111111111111
133 0
0.852940902391 0.483460937102 0.99088992522 0.79476050575 0.008 0.986111111111 0.75 0.611111111111
140 0
0.851555084488 0.451519563643 0.990044032964 0.803589078715 0.008 0.0166666666667 0.75 0.805555555556
163 0
0.849950531688 0.458248344176 0.989018217862 0.812890406446 0.008 0.00833333333333 1.0 0.416666666667
169 0
0.84817831014 0.448142789295 0.987827448101 0.822170727944 0.008 0.0166666666667 1.0 0.583333333333
96 0
0.846428381038 0.435281749082 0.986592306293 0.830453546189 0.0075 0.0277777777778 0.5 0.611111111111
170 0
0.84437928899 0.422121545922 0.985071249978 0.839198880601 0.008 0.0388888888889 1.0 0.611111111111
160 0
0.841960320136 0.436369243735 0.983172166398 0.848397724291 0.008 0.0222222222222 1.0 0.333333333333
114 0
0.839918169575 0.475993759841 0.981482009752 0.857211695157 0.008 0.980555555556 0.75 0.0833333333333
88 0
0.837775565616 0.484962266993 0.979623504424 0.865519518145 0.0075 0.969444444444 0.5 0.388888888889
164 0
0.835163230189 0.487905487121 0.977239988899 0.874277090393 0.008 0.963888888889 1.0 0.444444444444
83 0
0.83237486872 0.510117125652 0.974554023767 0.882521278522 0.0075 0.938888888889 0.5 0.25
170 0
0.829612548322 0.496243694144 0.981726044405 0.891361839117 0.00751664818919 0.95 1.0 0.611111111111
174 0
0.826362019849 0.470770943449 0.978289621921 0.90016388429 0.00801560977094 0.972222222222 1.0 0.722222222222
156 0
0.822972786758 0.495159488135 0.983815917818 0.909566322645 0.0080622577483 0.944444444444 1.0 0.222222222222
162 0
0.819703424088 0.503001236576 0.98852297376 0.919114278145 0.00813941029805 0.933333333333 1.0 0.388888888889
161 0
0.816579345097 0.513766046474 0.992391779199 0.928824161403 0.00824621125124 0.919444444444 1.0 0.361111111111
110 0
0.813569342565 0.460756043942 0.985529872702 0.937594070795 0.00764852927039 0.969444444444 0.5 1.0
164 0
0.807579389474 0.460321646407 0.979000048164 0.946553765334 0.00813941029805 0.963888888889 1.0 0.444444444444
172 0
0.798285525054 0.43436111532 0.958512698589 0.955838365066 0.0080622577483 0.980555555556 1.0 0.666666666667
107 0
0.78313254017 0.37754146377 0.922766100445 0.963496575503 0.00751664818919 0.0222222222222 0.5 0.916666666667
163 0
0.756451417518 0.35919367445 0.849268362022 0.970652938818 0.008 0.0138888888889 1.0 0.416666666667
171 0
0.545028057732 0.57780975075 0.89394352805 0.668734245658 0.008 0.0277777777778 1.0 0.638888888889
180 0
0.547712430261 0.54160523439 0.907556062117 0.676481067015 0.00801560977094 0.0666666666667 1.0 0.888888888889
128 0
0.55017281117 0.546843393077 0.904254201524 0.684068836612 0.00751664818919 0.0638888888889 0.75 0.472222222222
181 0
0.552558086369 0.507562001609 0.918727409817 0.691903829949 0.00756637297521 0.105555555556 1.0 0.916666666667
176 0
0.554693233125 0.481919370587 0.947235038374 0.6996235695 0.00776208734813 0.133333333333 1.0 0.777777777778
160 0
0.556537512802 0.50043031693 0.957761237518 0.707958478979 0.00790569415042 0.116666666667 1.0 0.333333333333
157 0
0.558475014126 0.527367818255 0.96663051749 0.716958483611 0.0080777472107 0.0916666666667 1.0 0.25
181 0
0.560128998669 0.487355136131 0.974352667746 0.725895549106 0.00827647267862 0.133333333333 1.0 0.916666666667
118 0
0.561894267381 0.519675960399 0.976810443265 0.734801018102 0.00782623792125 0.102777777778 0.75 0.194444444444
149 0
0.563781960785 0.568785876025 0.970599737404 0.74367159736 0.00827647267862 0.0555555555556 1.0 0.0277777777778
182 0
0.565808589576 0.526368060372 0.968410596612 0.753210616112 0.00827647267862 0.1 1.0 0.944444444444
130 0
0.567987228981 0.525768921999 0.970700665719 0.76199947479 0.00782623792125 0.102777777778 0.75 0.527777777778
135 0
0.569841863131 0.510956889482 0.973762362359 0.770765404007 0.00738241153012 0.119444444444 0.75 0.666666666667
175 0
0.571333781385 0.487448807736 0.980932600967 0.779529480429 0.00763216876124 0.144444444444 1.0 0.75
174 0
0.572697440413 0.466590244542 0.990641979379 0.788644257234 0.0075 0.166666666667 1.0 0.722222222222
163 0
0.57362840545 0.475854542912 0.994505268509 0.797784149978 0.00781024967591 0.158333333333 1.0 0.416666666667
157 0
0.574647472318 0.50187360978 0.997109263644 0.806916468854 0.00813941029805 0.133333333333 1.0 0.25
177 0
0.575198626849 0.471869208756 0.999854271088 0.816794514274 0.00813941029805 0.163888888889 1.0 0.805555555556
163 0
0.575164786496 0.480168701736 0.99993791676 0.826719158589 0.00851469318296 0.155555555556 1.0 0.416666666667
148 0
0.575494369351 0.530498284591 0.999782827052 0.836972394976 0.00884590300648 0.105555555556 1.0 0.0
181 0
0.575526398922 0.488863647496 0.999779851503 0.847602493459 0.00884590300648 0.147222222222 1.0 0.916666666667
177 0
0.575140547242 0.45792224026 0.999318977704 0.857904081691 0.00890224690738 0.177777777778 1.0 0.805555555556
117 0
0.574241963026 0.490356989377 0.998840422256 0.867874113059 0.00820060973343 0.144444444444 0.75 0.166666666667
171 0
0.573196738731 0.475422876194 0.99860616137 0.877839245254 0.00820060973343 0.158333333333 1.0 0.638888888889
161 0
0.571965906984 0.488080933335 0.998302730089 0.88779817292 0.00820060973343 0.144444444444 1.0 0.361111111111
153 0
0.571594925194 0.523821062656 0.999635447364 0.897719747752 0.00851469318296 0.108333333333 1.0 0.138888888889
116 0
0.571724977706 0.560062226279 0.999998655807 0.907271902856 0.00813941029805 0.0722222222222 0.75 0.138888888889
174 0
0.572595177667 0.538710204018 0.999343831561 0.917159792371 0.00848528137424 0.0944444444444 1.0 0.722222222222
140 0
0.573701225487 0.509260696282 0.999153816417 0.927044534132 0.00848528137424 0.125 0.75 0.805555555556
144 0
0.574208716694 0.468101520823 0.99991968055 0.936594558593 0.00813941029805 0.166666666667 0.75 0.916666666667
141 0
0.572700893323 0.433260364118 0.999624491606 0.945479361706 0.00781024967591 0.2 0.75 0.833333333333
72 0
0.571669868656 0.385007117229 0.996913011209 0.953282765493 0.00680073525437 0.247222222222 0.25 0.972222222222
25 0
0.568664889374 0.362557693503 0.992720036962 0.960034389783 0.0054083269132 0.266666666667 0.0 0.694444444444
140 0
0.559519779927 0.3228570285 0.953264250016 0.965688923071 0.00538516480713 0.297222222222 0.75 0.805555555556
29 0
0.547249929307 0.280031622324 0.930226256568 0.970483055714 0.00427200187266 0.327777777778 0.0 0.805555555556
53 0
0.532186400249 0.270523648823 0.87926006707 0.973651375747 0.00364005494464 0.322222222222 0.25 0.444444444444
72 0
0.198542164523 0.68966875089 0.244405413122 0.754779181145 0.00304138126515 0.369444444444 0.25 0.972222222222
30 0
0.200227950628 0.658021203662 0.313606244902 0.753210616112 0.0025 0.402777777778 0.0 0.833333333333
140 0
0.202386073173 0.629623770652 0.492467898094 0.753461463459 0.00269258240357 0.433333333333 0.75 0.805555555556
177 0
0.2046379444 0.601320086323 0.683451705599 0.75524195621 0.00353553390593 0.463888888889 1.0 0.805555555556
173 0
0.207328843578 0.584566541057 0.792557848626 0.758339080528 0.00403112887415 0.483333333333 1.0 0.694444444444
145 0
0.209628050073 0.542421303107 0.886876365909 0.762245399624 0.00412310562562 0.527777777778 0.75 0.944444444444
171 0
0.211382689078 0.530287053223 0.949766160356 0.767657042284 0.005 0.541666666667 1.0 0.638888888889
172 0
0.212905307776 0.515143005255 0.965981623356 0.774380297846 0.00552268050859 0.558333333333 1.0 0.666666666667
184 0
0.214036950054 0.466274647533 0.979275749111 0.781980505459 0.00559016994375 0.608333333333 1.0 1.0
132 0
0.214741320377 0.458645684522 0.989331144272 0.789352783071 0.0057008771255 0.616666666667 0.75 0.583333333333
148 0
0.215677219327 0.509581583472 0.98636137928 0.797164475498 0.00618465843843 0.566666666667 1.0 0.0
173 0
0.216516956806 0.490976876507 0.991388922281 0.805644012184 0.00680073525437 0.586111111111 1.0 0.694444444444
124 0
0.217433282309 0.505782090899 0.990848819148 0.814117644732 0.00680073525437 0.572222222222 0.75 0.361111111111
171 0
0.218255646584 0.492715566285 0.995902642919 0.823262199855 0.00696419413859 0.586111111111 1.0 0.638888888889
156 0
0.219167726253 0.521405423732 0.993772802706 0.832401521487 0.00743303437366 0.558333333333 1.0 0.222222222222
175 0
0.220429665789 0.497667363267 0.993133541082 0.841971521554 0.00743303437366 0.583333333333 1.0 0.75
173 0
0.221387723079 0.479180976114 0.996974191572 0.851777194737 0.00761577310586 0.602777777778 1.0 0.694444444444
163 0
0.221982205466 0.488108791834 0.999242574589 0.86182529175 0.00782623792125 0.594444444444 1.0 0.416666666667
159 0
0.222669918829 0.508240949641 0.999119038609 0.871871158594 0.00782623792125 0.575 1.0 0.305555555556
133 0
0.223136309444 0.497596229145 0.999029956257 0.881482068867 0.00782623792125 0.586111111111 0.75 0.611111111111
151 0
0.224055482853 0.540182069221 0.994294187649 0.891523043922 0.0080777472107 0.544444444444 1.0 0.0833333333333
137 0
0.22585422915 0.519758593295 0.993411370178 0.901302229002 0.0080777472107 0.566666666667 0.75 0.722222222222
128 0
0.228048267738 0.524730409661 0.992249235953 0.911066035734 0.0080777472107 0.563888888889 0.75 0.472222222222
132 0
0.230782794394 0.519131602983 0.99066989254 0.920808775739 0.0080777472107 0.572222222222 0.75 0.583333333333
156 0
0.234929926754 0.551056513122 0.985516514304 0.930934813401 0.00854400374532 0.544444444444 1.0 0.222222222222
130 0
0.241576962343 0.554925770933 0.971555494642 0.940699915683 0.00838152730712 0.547222222222 0.75 0.527777777778
83 0
0.251011135971 0.58935994456 0.952271626699 0.949616470945 0.00776208734813 0.522222222222 0.5 0.25
140 0
0.265766374204 0.573559627238 0.930592744793 0.957925661027 0.00776208734813 0.552777777778 0.75 0.805555555556
124 0
0.287476594104 0.609158736027 0.892032431954 0.965699854228 0.00776208734813 0.538888888889 0.75 0.361111111111
150 0
0.324612187864 0.690738774231 0.779261367795 0.972228611846 0.00813941029805 0.494444444444 1.0 0.0555555555556
162 0
0.774923962819 0.391666666667 0.806970306704 0.821809091141 0.0080622577483 0.483333333333 1.0 0.388888888889
113 0
0.768378070192 0.429565218484 0.838717179348 0.828027618496 0.0075 0.438888888889 0.75 0.0555555555556
170 0
0.761974315332 0.412050352513 0.848283393405 0.834697247452 0.00751664818919 0.45 1.0 0.611111111111
155 0
0.755352381917 0.435983974653 0.856924038294 0.841471611375 0.00756637297521 0.419444444444 1.0 0.194444444444
152 0
0.749189173972 0.468709655597 0.886737049248 0.848470299941 0.00776208734813 0.380555555556 1.0 0.111111111111
155 0
0.743353710881 0.493429748061 0.918541205489 0.856471257234 0.00761577310586 0.35 1.0 0.194444444444
157 0
0.738454056374 0.513530093555 0.94738279291 0.864584897445 0.00763216876124 0.325 1.0 0.25
120 0
0.734328988635 0.534405025816 0.968869388121 0.87248431469 0.00710633520178 0.3 0.75 0.25
149 0
0.731473278216 0.578771537619 0.992507096254 0.880675861621 0.00710633520178 0.252777777778 1.0 0.0277777777778
146 0
0.72979720436 0.52987324154 0.995977097852 0.888786241858 0.00680073525437 0.3 0.75 0.972222222222
182 0
0.727537535543 0.48316912828 0.997484974661 0.89755855331 0.00721110255093 0.344444444444 1.0 0.944444444444
154 0
0.726000135478 0.514965061547 0.99864437415 0.906522730036 0.00763216876124 0.311111111111 1.0 0.166666666667
167 0
0.724562332507 0.510749480799 0.999370638683 0.915922654657 0.0080622577483 0.313888888889 1.0 0.527777777778
138 0
0.722762759423 0.483949907715 0.999055151404 0.925313990601 0.0080622577483 0.338888888889 0.75 0.75
180 0
0.719341479795 0.441639739198 0.995438924454 0.934905837435 0.00832165848855 0.377777777778 1.0 0.888888888889
120 0
0.714740744143 0.462039003546 0.990202551049 0.944457223692 0.00790569415042 0.352777777778 0.75 0.25
59 0
0.70800168635 0.444188834642 0.982692200909 0.952363354442 0.00680073525437 0.363888888889 0.25 0.611111111111
146 0
0.696121056449 0.385085982519 0.963497540825 0.959819158794 0.00640312423743 0.411111111111 0.75 0.972222222222
72 0
0.682708502285 0.324451206133 0.93567761068 0.965776470083 0.00531507290637 0.458333333333 0.25 0.972222222222
123 0
0.660882813455 0.31929218397 0.854361508883 0.970931116293 0.00531507290637 0.441666666667 0.75 0.333333333333
170 0
0.624673193595 0.271971452998 0.686279138099 0.974682022198 0.00583095189485 0.452777777778 1.0 0.611111111111
107 0
0.623635662566 0.599692175687 0.746559304084 0.680768109362 0.00559016994375 0.494444444444 0.5 0.916666666667
142 0
0.626305868662 0.566251270673 0.820687483161 0.68500436511 0.0057008771255 0.530555555556 0.75 0.861111111111
176 0
0.628723485787 0.54089111002 0.880291147726 0.690837825729 0.0060207972894 0.558333333333 1.0 0.777777777778
155 0
0.631179331848 0.573902511636 0.901383219365 0.697296762488 0.0065 0.527777777778 1.0 0.194444444444
181 0
0.633478359081 0.534534872203 0.917678658239 0.704685760587 0.00701783442381 0.569444444444 1.0 0.916666666667
158 0
0.63584916427 0.559127899614 0.912201597193 0.712712252263 0.00751664818919 0.547222222222 1.0 0.277777777778
147 0
0.638355658165 0.511634393509 0.928321489065 0.720671340532 0.00707106781187 0.597222222222 0.75 1.0
158 0
0.640784104799 0.536285062366 0.941605379672 0.728879178225 0.00715891053164 0.575 1.0 0.277777777778
145 0
0.642707544708 0.49376405783 0.957998341615 0.737296269535 0.00680073525437 0.619444444444 0.75 0.944444444444
181 0
0.644081196127 0.453471042582 0.983668129255 0.745958172735 0.0067082039325 0.661111111111 1.0 0.916666666667
123 0
0.64487892026 0.470935433381 0.993754342707 0.754185028934 0.0065192024052 0.644444444444 0.75 0.333333333333
156 0
0.645482004414 0.499316295314 0.997504769547 0.762738540846 0.00680073525437 0.616666666667 1.0 0.222222222222
158 0
0.64610424613 0.522160759251 0.994778244837 0.77199451761 0.00721110255093 0.594444444444 1.0 0.277777777778
177 0
0.646779134478 0.492280092044 0.997821093933 0.78124671431 0.0075 0.625 1.0 0.805555555556
155 0
0.647489969563 0.523546482685 0.995395709858 0.791201053643 0.00790569415042 0.594444444444 1.0 0.194444444444
183 0
0.647977625679 0.476811916578 0.998033158779 0.801489924689 0.00820060973343 0.641666666667 1.0 0.972222222222
169 0
0.648208057578 0.468709015144 0.999524534229 0.812116392413 0.00851469318296 0.65 1.0 0.583333333333
92 0
0.648490082326 0.468991039892 0.999300442167 0.822035818211 0.00781024967591 0.65 0.5 0.5
165 0
0.64845808656 0.471736821904 0.999992452682 0.832294901688 0.00813941029805 0.647222222222 1.0 0.472222222222
124 0
0.648421921147 0.48558954538 0.999635545843 0.842553977503 0.00777817459305 0.633333333333 0.75 0.361111111111
156 0
0.648380714207 0.513326116217 0.999993729128 0.852813044056 0.00813941029805 0.605555555556 1.0 0.222222222222
153 0
0.649154761921 0.550211275043 0.997691849369 0.863097662547 0.00820060973343 0.569444444444 1.0 0.138888888889
182 0
0.650487582626 0.507099651303 0.997272536055 0.873741336931 0.00820060973343 0.613888888889 1.0 0.944444444444
127 0
0.652080460494 0.514248084727 0.996725665931 0.883667502391 0.00820060973343 0.608333333333 0.75 0.444444444444
181 0
0.652902223678 0.473403181244 0.998664395459 0.894282215309 0.00851469318296 0.65 1.0 0.916666666667
163 0
0.653311341026 0.482145631925 0.998568867283 0.9052450529 0.00851469318296 0.641666666667 1.0 0.416666666667
183 0
0.653161637418 0.434773706095 0.999982346639 0.915851322054 0.00848528137424 0.688888888889 1.0 0.972222222222
181 0
0.650692234051 0.390637636062 0.99411170841 0.926086198853 0.00820060973343 0.730555555556 1.0 0.916666666667
127 0
0.645763049476 0.391264007043 0.979316931947 0.935556226057 0.00763216876124 0.725 0.75 0.444444444444
42 0
0.639528731989 0.421140800667 0.975748577921 0.943535409326 0.0065192024052 0.688888888889 0.25 0.138888888889
27 0
0.633181043776 0.389793112453 0.958111897938 0.949698409568 0.00514781507049 0.713888888889 0.0 0.75
158 0
0.622072069342 0.400906360242 0.932537808135 0.95631647908 0.00559016994375 0.691666666667 1.0 0.277777777778
17 0
0.610603170339 0.392215239017 0.913356439387 0.961051315812 0.004472135955 0.688888888889 0.0 0.472222222222
82 0
0.597011679284 0.406401525739 0.887855838712 0.965985297297 0.004472135955 0.661111111111 0.5 0.222222222222
146 0
0.575629544041 0.337797168274 0.825184770446 0.970259455284 0.0049244289009 0.708333333333 0.75 0.972222222222
62 0
0.550795720939 0.293518900727 0.736451094442 0.973765480755 0.00427200187266 0.727777777778 0.25 0.694444444444
144 0
0.852809135279 0.699995836656 0.486673293852 0.617469935822 0.00460977222865 0.769444444444 0.75 0.916666666667
172 0
0.8555447959 0.686064830611 0.58696727076 0.617672261012 0.005 0.786111111111 1.0 0.666666666667
179 0
0.858390553723 0.652799477322 0.622540469918 0.619321329728 0.00552268050859 0.822222222222 1.0 0.861111111111
183 0
0.861201871553 0.60838857293 0.697253515889 0.621837997678 0.0057008771255 0.869444444444 1.0 0.972222222222
178 0
0.863972721092 0.577826089136 0.760702643705 0.625724032297 0.0060415229868 0.902777777778 1.0 0.833333333333
136 0
0.866564614445 0.560973538044 0.801000076979 0.629939194186 0.00583095189485 0.922222222222 0.75 0.694444444444
135 0
0.868979309053 0.546721565985 0.841351449582 0.634507182013 0.0057008771255 0.938888888889 0.75 0.666666666667
183 0
0.870980734174 0.501500768885 0.917350607854 0.639909733539 0.0057008771255 0.986111111111 1.0 0.972222222222
173 0
0.872340375193 0.483415965459 0.968416414442 0.64615080896 0.0060415229868 0.00555555555556 1.0 0.694444444444
160 0
0.873491867756 0.501234124689 0.983234605488 0.653332652244 0.00632455532034 0.988888888889 1.0 0.333333333333
157 0
0.874444853624 0.527187110557 0.985379011231 0.660967184479 0.00680073525437 0.963888888889 1.0 0.25
175 0
0.875429737525 0.503171994458 0.993516861325 0.669088380379 0.00715891053164 0.988888888889 1.0 0.75
181 0
0.875960160028 0.462035750294 0.999899823558 0.677650810455 0.00751664818919 0.0305555555556 1.0 0.916666666667
155 0
0.875989357702 0.492620503524 0.999462627501 0.687163780869 0.008 0.0 1.0 0.194444444444
166 0
0.875745774386 0.492376920208 0.999426573599 0.697152678731 0.0085 0.0 1.0 0.5
74 0
0.87578288626 0.542414032081 0.999432142238 0.706166288524 0.008 0.95 0.5 0.0
144 0
0.875822347066 0.500786826221 0.999438033549 0.715179881329 0.008 0.991666666667 0.75 0.916666666667
145 0
0.875576206308 0.456096241019 0.99940078438 0.724169436066 0.008 0.0361111111111 0.75 0.944444444444
150 0
0.875596788977 0.500561268132 0.999403944977 0.733682520288 0.008 0.991666666667 1.0 0.0555555555556
183 0
0.875309417795 0.453051674728 0.999359061555 0.743170776585 0.008 0.0388888888889 1.0 0.972222222222
159 0
0.875 0.472186701377 0.999308914603 0.752658131324 0.008 0.0194444444444 1.0 0.305555555556
139 0
0.874684147165 0.444093070764 0.999255778246 0.76164522241 0.008 0.0472222222222 0.75 0.777777777778
163 0
0.874323837701 0.452066094633 0.999192761973 0.771130495697 0.008 0.0388888888889 1.0 0.416666666667
163 0
0.873932373847 0.460007964113 0.999121397111 0.780614494554 0.008 0.0305555555556 1.0 0.416666666667
166 0
0.873505537761 0.459581128027 0.999040142621 0.790097046233 0.008 0.0305555555556 1.0 0.5
176 0
0.872642166929 0.430939979418 0.995792827595 0.799544892806 0.00801560977094 0.0583333333333 1.0 0.777777777778
85 0
0.871754168557 0.449496425489 0.995139665996 0.807988932611 0.00751664818919 0.0388888888889 0.5 0.305555555556
158 0
0.870750174716 0.470714653871 0.994988366555 0.816924878807 0.00801560977094 0.0166666666667 1.0 0.277777777778
116 0
0.870098558853 0.506174149119 0.998262961991 0.825895146535 0.008 0.980555555556 0.75 0.138888888889
119 0
0.869856314073 0.533709682117 0.998199003509 0.834905330189 0.008 0.952777777778 0.75 0.222222222222
145 0
0.869586102206 0.488995025805 0.998126299305 0.843915087212 0.008 0.997222222222 0.75 0.944444444444
174 0
0.868694199876 0.465880901254 0.99787613052 0.853377184586 0.008 0.0194444444444 1.0 0.722222222222
156 0
0.868256820759 0.493221299914 0.997747736184 0.862882349787 0.008 0.991666666667 1.0 0.222222222222
172 0
0.867133948963 0.475431761452 0.997400901949 0.872336379497 0.008 0.00833333333333 1.0 0.666666666667
177 0
0.865831547166 0.443573804099 0.996967602704 0.881783038442 0.008 0.0388888888889 1.0 0.805555555556
115 0
0.864303043304 0.480934189126 0.996416636249 0.891220406325 0.008 0.0 0.75 0.111111111111
114 0
0.86337931132 0.521677123808 0.996061466888 0.900213978935 0.008 0.958333333333 0.75 0.0833333333333
165 0
0.863030220048 0.524105810314 0.99592289191 0.909764197793 0.008 0.955555555556 1.0 0.472222222222
184 0
0.860645993394 0.47172158366 0.994912693118 0.919177663978 0.008 0.00555555555556 1.0 1.0
57 0
0.858161193009 0.463681227719 0.993741693935 0.927087381065 0.007 0.0111111111111 0.25 0.555555555556
155 0
0.856069620814 0.49214521108 0.992662711225 0.935554286411 0.0075 0.980555555556 1.0 0.194444444444
175 0
0.851671678826 0.462747269092 0.990116633392 0.944400989217 0.008 0.00555555555556 1.0 0.75
184 0
0.843548200235 0.404623790501 0.975765622727 0.953553794558 0.00801560977094 0.0555555555556 1.0 1.0
180 0
0.827500553375 0.349687254753 0.944558088169 0.962194577109 0.0080622577483 0.0944444444444 1.0 0.888888888889
140 0
0.801392469297 0.293023615119 0.878375297553 0.969549220043 0.00764852927039 0.125 0.75 0.805555555556
155 0
0.544442657987 0.510557684338 0.960696719248 0.661455320526 0.00776208734813 0.0944444444444 1.0 0.194444444444
124 0
0.546001136724 0.526005051964 0.96221838428 0.669688026254 0.00728010988928 0.0805555555556 0.75 0.361111111111
167 0
0.547446809828 0.52467294729 0.972106515584 0.678201538226 0.00743303437366 0.0833333333333 1.0 0.527777777778
133 0
0.548809800633 0.514924826984 0.970679019309 0.686300701308 0.00743303437366 0.0944444444444 0.75 0.611111111111
52 0
0.550111218703 0.524559578387 0.965507209819 0.693287593991 0.00632455532034 0.0861111111111 0.25 0.416666666667
124 0
0.551473215323 0.539810463896 0.963928482783 0.700253023368 0.00632455532034 0.0722222222222 0.75 0.361111111111
130 0
0.552899906839 0.538459377634 0.962238334034 0.707195457686 0.00632455532034 0.075 0.75 0.527777777778
183 0
0.554186679242 0.492523927815 0.973636608399 0.714443525726 0.0065 0.122222222222 1.0 0.972222222222
179 0
0.555113050233 0.457339187695 0.990160288829 0.722337435004 0.00694622199472 0.158333333333 1.0 0.861111111111
131 0
0.555677076802 0.452347658709 0.997424647206 0.730183395618 0.00680073525437 0.163888888889 0.75 0.555555555556
150 0
0.55604906779 0.497164094141 0.999449176984 0.738360457881 0.00710633520178 0.119444444444 1.0 0.0555555555556
161 0
0.556422699916 0.511426615156 0.997907504188 0.747242210803 0.0075 0.105555555556 1.0 0.361111111111
116 0
0.557064715353 0.548179741704 0.994306664299 0.75578595454 0.00721110255093 0.0694444444444 0.75 0.138888888889
173 0
0.557982146468 0.529652728375 0.990700888859 0.764693285264 0.00763216876124 0.0888888888889 1.0 0.694444444444
107 0
0.558988754817 0.488992670057 0.993360993664 0.772885491437 0.00721110255093 0.130555555556 0.5 0.916666666667
112 0
0.560070651827 0.537296789289 0.992797558545 0.781067932911 0.00721110255093 0.0833333333333 0.75 0.0277777777778
161 0
0.56149850406 0.552613530411 0.988460670517 0.789599786122 0.00763216876124 0.0694444444444 1.0 0.361111111111
135 0
0.563046913833 0.537495273517 0.987398521761 0.798113274334 0.00763216876124 0.0861111111111 0.75 0.666666666667
146 0
0.564440529205 0.491666666667 0.990290337757 0.806959848736 0.00721110255093 0.133333333333 0.75 0.972222222222
124 0
0.565660083443 0.506775109794 0.989524562941 0.815439711747 0.00721110255093 0.119444444444 0.75 0.361111111111
173 0
0.566681999913 0.48835258182 0.993929832867 0.824266537051 0.0075 0.138888888889 1.0 0.694444444444
161 0
0.567811951587 0.503371422383 0.996876035346 0.833085351152 0.00781024967591 0.125 1.0 0.361111111111
173 0
0.568373895328 0.484488921679 0.99883883405 0.842620681155 0.00813941029805 0.144444444444 1.0 0.694444444444
163 0
0.568637887645 0.49308624733 0.998781658561 0.852516950126 0.00813941029805 0.136111111111 1.0 0.416666666667
167 0
0.568939855586 0.490610437492 0.998714575693 0.862412754952 0.00813941029805 0.138888888889 1.0 0.527777777778
169 0
0.569288625732 0.482625874305 0.999768042246 0.87230798772 0.00848528137424 0.147222222222 1.0 0.583333333333
176 0
0.568740967257 0.454300438053 0.99921282095 0.882223729045 0.00851469318296 0.175 1.0 0.777777777778
149 0
0.568092624458 0.500874317476 0.999094430677 0.892137819418 0.00851469318296 0.127777777778 1.0 0.0277777777778
184 0
0.56616416156 0.448945854577 0.994058234331 0.902059967327 0.00860232526704 0.177777777778 1.0 1.0
148 0
0.563801356163 0.49658304918 0.992862868685 0.911964495799 0.00860232526704 0.127777777778 1.0 0.0
164 0
0.560840352821 0.499177601394 0.99121154376 0.921844705873 0.00860232526704 0.122222222222 1.0 0.444444444444
175 0
0.556158692482 0.469495941056 0.988253949777 0.932025740166 0.00860232526704 0.147222222222 1.0 0.75
59 0
0.551208191175 0.453434328637 0.980453476934 0.940397147719 0.00721110255093 0.158333333333 0.25 0.611111111111
17 0
0.545178448923 0.450182364163 0.966882119344 0.947288521174 0.00583095189485 0.155555555556 0.0 0.472222222222
128 0
0.536359144503 0.444140837521 0.956254661835 0.95367236246 0.00583095189485 0.152777777778 0.75 0.472222222222
12 0
0.527112228765 0.451560588449 0.947728517229 0.958923851203 0.00471699056603 0.136111111111 0.0 0.333333333333
12 0
0.518053739666 0.459168766017 0.94143619377 0.963087942349 0.00360555127546 0.119444444444 0.0 0.333333333333
27 0
0.510070735231 0.426185761582 0.916415367024 0.966228710418 0.00291547594742 0.144444444444 0.0 0.75
1 0
0.50188340253 0.465220651103 0.877609363591 0.968615290347 0.0022360679775 0.0972222222222 0.0 0.0277777777778
57 0
0.494034484921 0.451816177939 0.901116608766 0.970267862505 0.00180277563773 0.102777777778 0.25 0.555555555556
69 0
0.487981568805 0.406874372934 0.889476656806 0.971693640291 0.00180277563773 0.141666666667 0.25 0.888888888889
59 0
0.481297440759 0.389079133776 0.87596912598 0.973074175964 0.00180277563773 0.152777777778 0.25 0.611111111111
31 0
0.47390558067 0.345576162576 0.814473449359 0.974402148528 0.00111803398875 0.188888888889 0.0 0.861111111111
71 0
0.203186800411 0.83042449789 0.305013501428 0.755111249748 0.001 0.233333333333 0.25 0.944444444444
102 0
0.204210666023 0.803670585723 0.302055655548 0.754981633341 0.0015 0.261111111111 0.5 0.777777777778
71 0
0.205233406669 0.760248881925 0.299109238053 0.754841887754 0.0015 0.305555555556 0.25 0.944444444444
105 0
0.206683842274 0.725588206419 0.29494492616 0.754943883978 0.0015 0.341666666667 0.5 0.861111111111
174 0
0.208861459111 0.705543601034 0.47213902624 0.755058680497 0.00269258240357 0.363888888889 1.0 0.722222222222
109 0
0.211182308333 0.660642228034 0.544730107611 0.755577721965 0.00291547594742 0.411111111111 0.5 0.972222222222
147 0
0.213513880708 0.612973800409 0.708692676401 0.757162605845 0.00320156211872 0.461111111111 0.75 1.0
130 0
0.215887929587 0.61257007151 0.793254905985 0.759812573185 0.00335410196625 0.463888888889 0.75 0.527777777778
184 0
0.218042179649 0.564724321572 0.869598168543 0.763762831036 0.00412310562562 0.513888888889 1.0 1.0
177 0
0.220002346694 0.536128933062 0.937282706577 0.769028140242 0.005 0.544444444444 1.0 0.805555555556
182 0
0.221481142131 0.493163284054 0.955542222596 0.775867784556 0.00552268050859 0.588888888889 1.0 0.944444444444
131 0
0.223052886815 0.489179473182 0.970441082367 0.782686861879 0.00559016994375 0.594444444444 0.75 0.555555555556
179 0
0.224074695183 0.45409017044 0.991644374253 0.789992262047 0.00585234995536 0.630555555556 1.0 0.861111111111
177 0
0.224155379239 0.42361529894 0.9997276919 0.79805384381 0.00626498204307 0.661111111111 1.0 0.805555555556
148 0
0.224097250322 0.473557170023 0.999698266148 0.80679997412 0.0065192024052 0.611111111111 1.0 0.0
164 0
0.223661210473 0.478676685729 0.999137186494 0.815799022804 0.00721110255093 0.605555555556 1.0 0.444444444444
159 0
0.223015118177 0.497475037878 0.999824875089 0.825479943846 0.00763216876124 0.586111111111 1.0 0.305555555556
155 0
0.22295281036 0.527968285616 0.999065516686 0.835341261999 0.00782623792125 0.555555555556 1.0 0.194444444444
171 0
0.223585769678 0.514712356045 0.99894005288 0.845383539039 0.00782623792125 0.569444444444 1.0 0.638888888889
180 0
0.223831832984 0.476069530462 0.999968792802 0.855676578477 0.0080622577483 0.608333333333 1.0 0.888888888889
172 0
0.223303906729 0.458874937541 0.999508666702 0.86579027606 0.00832165848855 0.625 1.0 0.666666666667
166 0
0.222133336468 0.45770436728 0.99747191135 0.876151301985 0.00860232526704 0.625 1.0 0.5
162 0
0.220478765641 0.467160907564 0.996922988995 0.887184885764 0.00860232526704 0.613888888889 1.0 0.388888888889
164 0
0.218465744699 0.470703442177 0.996182735429 0.898203634642 0.00860232526704 0.608333333333 1.0 0.444444444444
157 0
0.216739601313 0.493977298791 0.995484756738 0.908969785236 0.00860232526704 0.583333333333 1.0 0.25
132 0
0.214102513829 0.483006877975 0.997393623932 0.919276707203 0.00832165848855 0.591666666667 0.75 0.583333333333
149 0
